% Intrinsic and Extrinsic Camera Parameters
%
% This script file can be directly executed under Matlab to recover the camera intrinsic and extrinsic parameters.
% IMPORTANT: This file contains neither the structure of the calibration objects nor the image coordinates of the calibration points.
%            All those complementary variables are saved in the complete matlab data file Calib_Results.mat.
% For more information regarding the calibration model visit http://www.vision.caltech.edu/bouguetj/calib_doc/


%-- Focal length:
fc = [ 2648.971672205002051 ; 2643.390231560077154 ];

%-- Principal point:
cc = [ 524.048928817854403 ; 279.953939437030499 ];

%-- Skew coefficient:
alpha_c = 0.000000000000000;

%-- Distortion coefficients:
kc = [ -0.446200166488838 ; 0.145942084228794 ; 0.015892934629648 ; 0.001935609145280 ; 0.000000000000000 ];

%-- Focal length uncertainty:
fc_error = [ 35.004230945458374 ; 28.319393581871243 ];

%-- Principal point uncertainty:
cc_error = [ 53.815054196378391 ; 50.445948104745042 ];

%-- Skew coefficient uncertainty:
alpha_c_error = 0.000000000000000;

%-- Distortion coefficients uncertainty:
kc_error = [ 0.075296175491154 ; 0.622133048569459 ; 0.006151712067150 ; 0.004649046654755 ; 0.000000000000000 ];

%-- Image size:
nx = 1280;
ny = 720;


%-- Various other variables (may be ignored if you do not use the Matlab Calibration Toolbox):
%-- Those variables are used to control which intrinsic parameters should be optimized

n_ima = 25;						% Number of calibration images
est_fc = [ 1 ; 1 ];					% Estimation indicator of the two focal variables
est_aspect_ratio = 1;				% Estimation indicator of the aspect ratio fc(2)/fc(1)
center_optim = 1;					% Estimation indicator of the principal point
est_alpha = 0;						% Estimation indicator of the skew coefficient
est_dist = [ 1 ; 1 ; 1 ; 1 ; 0 ];	% Estimation indicator of the distortion coefficients


%-- Extrinsic parameters:
%-- The rotation (omc_kk) and the translation (Tc_kk) vectors for every calibration image and their uncertainties

%-- Image #1:
omc_1 = [ 1.662390e+00 ; 2.005766e+00 ; -1.133133e+00 ];
Tc_1  = [ -2.702635e-02 ; -4.294056e-02 ; 9.013520e-01 ];
omc_error_1 = [ 1.040748e-02 ; 1.934291e-02 ; 2.859354e-02 ];
Tc_error_1  = [ 1.836440e-02 ; 1.711356e-02 ; 1.132180e-02 ];

%-- Image #2:
omc_2 = [ 2.026254e+00 ; 1.995581e+00 ; -2.112355e-01 ];
Tc_2  = [ -1.154395e-02 ; -1.840933e-02 ; 8.604194e-01 ];
omc_error_2 = [ 1.415345e-02 ; 1.594368e-02 ; 3.070181e-02 ];
Tc_error_2  = [ 1.747390e-02 ; 1.636204e-02 ; 1.096018e-02 ];

%-- Image #3:
omc_3 = [ 2.349964e+00 ; 1.421936e+00 ; 3.813054e-01 ];
Tc_3  = [ 1.479552e-02 ; 6.552490e-03 ; 8.577781e-01 ];
omc_error_3 = [ 2.022655e-02 ; 1.028909e-02 ; 2.799561e-02 ];
Tc_error_3  = [ 1.742153e-02 ; 1.634647e-02 ; 1.026000e-02 ];

%-- Image #4:
omc_4 = [ 2.119577e+00 ; 1.137539e+00 ; -7.193027e-02 ];
Tc_4  = [ 1.917748e-02 ; -1.563757e-02 ; 8.366310e-01 ];
omc_error_4 = [ 1.688588e-02 ; 1.279245e-02 ; 2.558429e-02 ];
Tc_error_4  = [ 1.701555e-02 ; 1.590840e-02 ; 1.121402e-02 ];

%-- Image #5:
omc_5 = [ -2.290370e+00 ; -1.615347e+00 ; 1.017951e+00 ];
Tc_5  = [ -5.430555e-03 ; 3.410449e-02 ; 9.923936e-01 ];
omc_error_5 = [ 1.997154e-02 ; 1.048635e-02 ; 3.255564e-02 ];
Tc_error_5  = [ 2.016201e-02 ; 1.892909e-02 ; 1.076437e-02 ];

%-- Image #6:
omc_6 = [ 2.683565e+00 ; 1.069548e+00 ; -4.194009e-01 ];
Tc_6  = [ 1.151480e-02 ; 4.992548e-02 ; 9.420139e-01 ];
omc_error_6 = [ 1.763779e-02 ; 9.001356e-03 ; 3.712234e-02 ];
Tc_error_6  = [ 1.913113e-02 ; 1.807168e-02 ; 1.242902e-02 ];

%-- Image #7:
omc_7 = [ 2.889824e+00 ; 3.845897e-01 ; -1.014864e+00 ];
Tc_7  = [ 1.632391e-02 ; 9.747574e-02 ; 1.003379e+00 ];
omc_error_7 = [ 2.149706e-02 ; 1.114518e-02 ; 3.303335e-02 ];
Tc_error_7  = [ 2.035421e-02 ; 1.912770e-02 ; 1.067620e-02 ];

%-- Image #8:
omc_8 = [ 1.973806e+00 ; 1.646538e+00 ; -1.417761e+00 ];
Tc_8  = [ -4.764760e-02 ; 3.712645e-02 ; 1.039831e+00 ];
omc_error_8 = [ 1.260423e-02 ; 1.989050e-02 ; 2.951661e-02 ];
Tc_error_8  = [ 2.115698e-02 ; 1.989673e-02 ; 1.207074e-02 ];

%-- Image #9:
omc_9 = [ 1.978120e+00 ; 1.424816e+00 ; -8.293188e-01 ];
Tc_9  = [ 6.051479e-02 ; 1.996540e-02 ; 1.002899e+00 ];
omc_error_9 = [ 1.463990e-02 ; 1.530739e-02 ; 2.681411e-02 ];
Tc_error_9  = [ 2.034154e-02 ; 1.916330e-02 ; 1.283701e-02 ];

%-- Image #10:
omc_10 = [ 2.282882e+00 ; 1.974945e+00 ; -5.060905e-01 ];
Tc_10  = [ 3.087751e-02 ; 9.771781e-03 ; 1.047573e+00 ];
omc_error_10 = [ 1.663318e-02 ; 1.537983e-02 ; 3.825751e-02 ];
Tc_error_10  = [ 2.127149e-02 ; 2.000107e-02 ; 1.351724e-02 ];

%-- Image #11:
omc_11 = [ 1.883266e+00 ; 1.219364e+00 ; 4.746112e-01 ];
Tc_11  = [ 8.347163e-02 ; 4.178617e-03 ; 9.882456e-01 ];
omc_error_11 = [ 1.919827e-02 ; 1.381824e-02 ; 2.240166e-02 ];
Tc_error_11  = [ 2.009307e-02 ; 1.888021e-02 ; 1.277400e-02 ];

%-- Image #12:
omc_12 = [ 2.299159e+00 ; 1.488090e+00 ; -1.487118e-01 ];
Tc_12  = [ 1.204908e-02 ; 1.475969e-02 ; 1.022537e+00 ];
omc_error_12 = [ 1.616932e-02 ; 1.243631e-02 ; 3.054721e-02 ];
Tc_error_12  = [ 2.077132e-02 ; 1.951930e-02 ; 1.337846e-02 ];

%-- Image #13:
omc_13 = [ 1.437534e+00 ; 1.571451e+00 ; -3.871040e-01 ];
Tc_13  = [ -2.698111e-02 ; -9.205210e-03 ; 9.413369e-01 ];
omc_error_13 = [ 1.464128e-02 ; 1.730092e-02 ; 2.098024e-02 ];
Tc_error_13  = [ 1.910776e-02 ; 1.793824e-02 ; 1.235813e-02 ];

%-- Image #14:
omc_14 = [ 1.668731e+00 ; 1.807713e+00 ; -2.573514e-01 ];
Tc_14  = [ -4.553534e-02 ; 8.163424e-03 ; 9.293945e-01 ];
omc_error_14 = [ 1.324854e-02 ; 1.632246e-02 ; 2.358621e-02 ];
Tc_error_14  = [ 1.885777e-02 ; 1.775762e-02 ; 1.197306e-02 ];

%-- Image #15:
omc_15 = [ 1.798836e+00 ; 1.894448e+00 ; 2.715517e-02 ];
Tc_15  = [ -2.024055e-03 ; -8.114086e-03 ; 7.638636e-01 ];
omc_error_15 = [ 1.562760e-02 ; 1.522323e-02 ; 2.492684e-02 ];
Tc_error_15  = [ 1.549634e-02 ; 1.455085e-02 ; 9.379586e-03 ];

%-- Image #16:
omc_16 = [ 1.563274e+00 ; 1.451533e+00 ; -3.895039e-01 ];
Tc_16  = [ 3.555179e-03 ; -3.571364e-02 ; 7.649589e-01 ];
omc_error_16 = [ 1.556575e-02 ; 1.675722e-02 ; 2.146423e-02 ];
Tc_error_16  = [ 1.555761e-02 ; 1.449691e-02 ; 1.015574e-02 ];

%-- Image #17:
omc_17 = [ 1.501083e+00 ; 1.588767e+00 ; 8.244054e-01 ];
Tc_17  = [ -6.895844e-03 ; -1.183886e-02 ; 7.443448e-01 ];
omc_error_17 = [ 1.872194e-02 ; 1.525427e-02 ; 2.105124e-02 ];
Tc_error_17  = [ 1.511914e-02 ; 1.422017e-02 ; 9.534740e-03 ];

%-- Image #18:
omc_18 = [ 1.966888e+00 ; 1.941246e+00 ; 1.450490e-01 ];
Tc_18  = [ -7.376766e-02 ; -6.642139e-03 ; 7.552318e-01 ];
omc_error_18 = [ 1.660749e-02 ; 1.462795e-02 ; 2.499600e-02 ];
Tc_error_18  = [ 1.538516e-02 ; 1.442637e-02 ; 9.049055e-03 ];

%-- Image #19:
omc_19 = [ 1.856794e+00 ; 1.834810e+00 ; 3.437543e-01 ];
Tc_19  = [ 5.027370e-02 ; 5.258505e-03 ; 8.180244e-01 ];
omc_error_19 = [ 1.852803e-02 ; 1.398619e-02 ; 2.516468e-02 ];
Tc_error_19  = [ 1.659572e-02 ; 1.561187e-02 ; 1.001650e-02 ];

%-- Image #20:
omc_20 = [ 1.817047e+00 ; 1.771119e+00 ; 3.581700e-01 ];
Tc_20  = [ 6.507731e-02 ; -6.842717e-03 ; 8.547720e-01 ];
omc_error_20 = [ 1.845912e-02 ; 1.437552e-02 ; 2.446636e-02 ];
Tc_error_20  = [ 1.736127e-02 ; 1.631460e-02 ; 1.057464e-02 ];

%-- Image #21:
omc_21 = [ 1.571832e+00 ; 1.213148e+00 ; -1.399534e-01 ];
Tc_21  = [ 7.876071e-02 ; -4.172818e-02 ; 8.500972e-01 ];
omc_error_21 = [ 1.746077e-02 ; 1.621899e-02 ; 1.999783e-02 ];
Tc_error_21  = [ 1.733117e-02 ; 1.615183e-02 ; 1.147445e-02 ];

%-- Image #22:
omc_22 = [ 1.984994e+00 ; 1.717002e+00 ; -2.978573e-01 ];
Tc_22  = [ -3.651696e-03 ; -7.794681e-03 ; 7.692463e-01 ];
omc_error_22 = [ 1.398432e-02 ; 1.464523e-02 ; 2.708968e-02 ];
Tc_error_22  = [ 1.562396e-02 ; 1.463542e-02 ; 9.983934e-03 ];

%-- Image #23:
omc_23 = [ 1.601952e+00 ; 1.654003e+00 ; 4.437573e-01 ];
Tc_23  = [ 4.133873e-02 ; -1.220233e-02 ; 7.395706e-01 ];
omc_error_23 = [ 1.810025e-02 ; 1.525184e-02 ; 2.181988e-02 ];
Tc_error_23  = [ 1.500556e-02 ; 1.411578e-02 ; 9.351387e-03 ];

%-- Image #24:
